element,period,group.symbol,atomic_radius_rahm,atomic_volume,covalent_radius_bragg,covalent_radius_cordero,dipole_polarizability,e_affinity,en_allen,electronegativity_martynov-batsanov,en_pauling,electronegativity_sanderson,en_ghosh,ionenergies1,ionenergies2,mendeleev_number,metallic_radius,vdw_radius_alvarez,vdw_radius_mm3,oxistates,Es,Ep,Ed,rs,rp,rd
H,1,IA,154.0,12292.682926829268,,31.0,4.50711,0.75420375,13.61,3.6876055374323866,2.2,2.1877707662405785,0.2638,13.598434599702,13.598434599702,105,,120.0,162.0,"[-1, 1]",-0.5000064,,,0.529,,
He,1,VIIIA,134.0,24406.109756097565,,28.000000000000004,1.38375,-0.5,24.59,6.285107578204211,,1.0,0.442712,24.587389011,54.4177655282,112,,143.0,153.0,[],-0.9179556,,,0.291,,
Li,2,IA,220.00000000000003,12.99625468164794,150.0,128.0,164.1125,0.618049,5.392,2.322006674409012,0.98,0.04886792741108169,0.105093,5.391714996,75.640097,1,123.0,212.0,254.99999999999997,[1],-0.1963228,,,1.586,,
Be,2,IIA,219.0,4.871450324324324,114.99999999999999,96.0,37.74,-0.5,9.323,3.710380640850747,1.57,0.12684726097522822,0.144986,9.322699,18.21115,75,89.0,198.0,223.0,[2],-0.3092695,,,1.04,,
B,2,IIIA,204.99999999999997,4.61965811965812,,84.0,20.5,0.279723,12.13,4.8779585552428255,2.04,0.2546273629910441,0.184886,8.298019,25.15483,81,80.0,191.0,215.0,[3],-0.4947058,-0.3098564,,0.769,0.776,
C,2,IVA,190.0,5.459545454545454,77.0,73.0,11.3,1.262118,15.05,6.083270727988357,2.55,0.427525037037037,0.22477600000000003,11.260288,24.383143,87,,177.0,204.0,"[-4, 4]",-0.7056273,-0.4333405,,0.62,0.596,
N,2,VA,179.0,12233.187772925765,65.0,71.0,7.4,-0.07,18.13,7.306767821684223,3.04,0.5774819510384563,0.26493,14.53413,29.60125,93,,166.0,193.0,"[-3, 3, 5]",-0.9453239,-0.5675889,,0.521,0.4875,
O,2,VIA,171.0,12231.651376146789,65.0,66.0,5.3,1.461112,21.36,8.49613750477239,3.44,0.9416494074114066,0.304575,13.618055,35.12112,99,,150.0,182.0,[-2],-1.2443146,-0.6319062,,0.45,0.4135,
F,2,VIIA,163.0,12233.35683386993,67.0,56.99999999999999,3.74,3.4011887,24.8,9.701807784413907,3.98,1.017681322991848,0.344443,17.42282,34.97081,106,,146.0,171.0,[-1],-1.5725347,-0.7300174,,0.396,0.3595,
Ne,2,VIIIA,156.0,24460.242424242424,,57.99999999999999,2.6611,-1.2,28.31,10.918389367255593,,1.0,0.38439,21.564541,40.96297,113,,158.0,160.0,[],-1.9303907,-0.8504095,,0.354,0.3175,
Na,3,IA,225.0,23.70079307216495,177.0,166.0,162.7,0.547926,5.14,2.266953232865645,0.93,0.09459763697509314,0.093214,5.13907696,47.28636,2,157.0,250.0,270.0,[1],-0.1821026,-1.5181403,,1.713,,
Mg,3,IIA,240.0,13.968390804597702,142.0,141.0,71.2,-0.4,7.646,3.3676035247635667,1.31,0.1524210584692021,0.121644,7.646236,15.035271,76,136.0,251.0,243.00000000000003,[2],-0.2530524,-2.282226,,1.279,,
Al,3,IIIA,239.0,9.993162407407407,135.0,121.0,57.8,0.43283,9.539,4.213548029867465,1.61,0.23609269172239372,0.150078,5.985769,18.82855,82,125.0,225.0,236.0,[3],-0.3934208,-0.2099507,,1.044,1.312,
Si,3,IVA,231.99999999999997,12.055717719780219,117.0,111.00000000000001,37.3,1.389521,11.33,5.077704205642546,1.9,0.3468157872145231,0.178503,8.15168,16.34585,88,117.0,219.0,229.0,"[-4, 4]",-0.5398424,-0.2971145,,0.904,1.068,
P,3,VA,223.0,16.99054415688426,,107.0,25.0,0.7465,13.33,5.948576233015763,2.19,0.4510268934589262,0.206931,10.486686,19.76949,94,110.0,190.0,222.00000000000003,"[-3, 3, 5]",-0.6964161,-0.3917087,,0.803,0.9175,
S,3,VIA,214.0,15.487922705314013,102.0,105.0,19.4,2.0771029,15.31,6.7875779921854305,2.58,0.6397251297670872,0.23596,10.36001,23.33788,100,104.0,189.0,215.0,"[-2, 2, 4, 6]",-0.8795274,-0.4373688,,0.723,0.808,
Cl,3,VIIA,206.0,12232.574189095929,105.0,102.0,14.6,3.612724,16.97,7.64051768066611,3.16,0.81237728291421,0.263803,12.967633,23.81364,107,,182.0,206.99999999999997,"[-1, 1, 3, 5, 7]",-1.0729121,-0.5063999,,0.66,0.7235,
Ar,3,VIIIA,197.0,24462.95162278016,,106.0,11.083,-1.0,19.17,8.497801053066611,,1.0,0.2922,15.7596119,27.62967,114,,194.0,199.0,[],-1.277353,-0.5910174,,0.607,0.657,
K,4,IA,234.0,43.93067415730337,206.99999999999997,202.99999999999997,289.7,0.501459,4.34,2.0834259598075473,0.82,0.12183826306999038,0.0981896,4.34066373,31.625,3,203.0,273.0,309.0,[1],-0.1474751,,,2.162,,
Ca,4,IIA,270.0,26.024675324675325,170.0,176.0,160.8,0.02455,6.1129999999999995,2.998739274261769,1.0,0.19015771608512197,0.1154119,6.11315547,11.871719,7,174.0,262.0,281.0,[2],-0.1955295,,,1.69,,
Sc,4,IIIB,263.0,15.035420735785953,,170.0,97.0,0.188,7.042000000000001,3.1113710804081216,1.36,0.30386739031992177,0.11938330000000001,6.56149,12.79977,11,144.0,258.0,261.0,[3],-0.2101086,,-0.3437122,1.57,,0.539
Ti,4,IVB,257.0,10.622947181535729,140.0,160.0,87.0,0.084,8.17,3.194027238456178,1.54,0.4055462030063852,0.12336369999999999,6.82812,13.5755,43,132.0,246.0,239.0,[4],-0.220788,,-0.4406565,1.477,,0.489
V,4,VB,252.0,8.49025,,153.0,87.0,0.525,9.062999999999999,3.2695708433982587,1.63,0.43888979668807754,0.12733440000000001,6.746187,14.634,47,122.0,242.0,229.0,[5],-0.2305788,,-0.5096201,1.401,,0.449
Cr,4,VIB,233.0,7.272181818181817,140.0,139.0,83.0,0.67584,9.77,3.409751823813575,1.66,0.6017722849049041,0.13130529999999999,6.76651,16.486305,51,119.0,245.0,225.0,"[3, 6]",-0.2220501,,-0.3736058,1.453,,0.4265
Mn,4,VIIB,242.0,7.525759452054794,147.0,150.0,68.0,-0.5,10.34,3.396618023858438,1.55,0.6707264248040073,0.1352844,7.434038,15.63999,55,118.0,245.0,224.00000000000003,"[2, 4, 7]",-0.2478707,,-0.6388473,1.278,,0.3885
Fe,4,VIIIB,237.0,7.095933926302414,140.0,142.0,62.0,0.151,10.64,3.471431844354718,1.83,0.7487270369307356,0.13925320000000002,7.9024681,16.19921,59,117.0,244.0,223.0,"[2, 3]",-0.2581805,,-0.6468876,1.227,,0.364
Co,4,VIIIB,233.0,6.651602031602709,137.0,138.0,55.0,0.6633,10.86,3.5330871769601155,1.88,0.8832423548457146,0.14323629999999998,7.88101,17.0844,63,116.0,240.0,223.0,"[2, 3]",-0.2674203,,-0.6754181,1.181,,0.343
Ni,4,VIIIB,229.0,6.59476404494382,135.0,124.0,49.0,1.15716,11.13,3.592263631750877,1.91,0.9377039541419703,0.1472068,7.639878,18.168838,67,115.0,240.0,222.00000000000003,[2],-0.2762501,,-0.7069318,1.139,,0.324
Cu,4,IB,217.0,7.0921875,137.0,132.0,46.5,1.23578,10.96,3.742911300044392,1.9,0.9175541940253901,0.15117160000000002,7.72638,20.29239,71,118.0,238.0,225.99999999999997,[2],-0.2384929,,-0.4912314,1.191,,0.311
Zn,4,IIB,222.00000000000003,9.164564059433697,132.0,122.0,38.67,-0.6,9.395,3.6985528926865436,1.65,0.8100876915361355,0.15515179999999998,9.394197,17.96439,77,121.0,239.0,229.0,[2],-0.2925066,,-0.7825362,1.065,,0.2925
Ga,4,IIIA,233.0,11.797461928934009,,122.0,50.0,0.41,10.39,4.368073641015377,1.81,0.720540995303547,0.17237729999999998,5.999302,20.51514,83,125.0,232.0,246.0,[3],-0.4245903,-0.2084987,-1.1933737,0.96,1.254,0.2755
Ge,4,IVA,234.0,13.643536085960099,,120.0,40.0,1.232712,11.8,5.089379751010923,2.01,0.8001470851810186,0.1895892,7.899435,15.93461,89,124.0,229.0,244.0,"[-4, 2, 4]",-0.5533671,-0.2873527,-1.6348997,0.886,1.09,0.2605
As,4,VA,231.0,13.02984260869565,126.0,119.0,30.0,0.814,13.08,5.824890556911778,2.18,0.8253373013969036,0.2068208,9.78855,18.5892,95,121.0,188.0,236.0,"[-3, 3, 5]",-0.6858969,-0.3694825,-2.1126572,0.826,0.9915,0.2465
Se,4,VIA,224.00000000000003,16.421501351632354,117.0,120.0,28.9,2.02067,14.34,6.528429724418167,2.55,0.9659120763307081,0.2240328,9.752368,21.196,101,117.0,182.0,229.0,"[-2, 2, 4, 6]",-0.8373814,-0.4028543,-2.6496262,0.775,0.909,0.2345
Br,4,VIIA,219.0,25.752223797859997,119.0,120.0,21.0,3.363588,15.88,7.231605334521908,2.96,1.0490256529924444,0.2412578,11.81381,21.591,108,,186.0,222.00000000000003,"[-1, 1, 3, 5]",-0.9926803,-0.4570857,-3.2201741,0.73,0.8425,0.2235
Kr,4,VIIIA,212.0,24466.569343065697,,115.99999999999999,16.78,-1.0,17.54,7.930632426704696,,1.0,0.2584813,13.9996055,24.35984,115,,207.0,215.0,[2],-1.1529352,-0.5241866,-3.8252344,0.691,0.787,0.2135
Rb,5,IA,240.0,55.86130718954248,225.0,220.00000000000003,319.8,0.485916,4.177,2.04380236324357,0.82,0.1764136490487936,0.10468599999999999,4.1771281,27.28954,4,216.0,321.0,325.0,[1],-0.1378663,,,2.287,,
Sr,5,IIA,279.0,33.18939393939394,195.0,195.0,197.2,0.05206,5.695,2.8918111928339996,0.95,0.26317858328528454,0.1185082,5.69486745,11.0302765,8,191.0,284.0,300.0,[2],-0.1784561,,,1.836,,
Y,5,IIIB,274.0,19.88944966442953,,190.0,162.0,0.307,6.631,3.0365160957913595,1.22,0.39239413055154304,0.1216986,6.21726,12.2236,12,162.0,275.0,271.0,[3],-0.1961428,,-0.2498489,1.693,,0.865
Zr,5,IVB,269.0,13.991411042944787,,175.0,112.0,0.426,7.808,3.1435748758380164,1.33,0.4744466571464129,0.12488869999999999,6.634126,13.13,44,145.0,252.0,254.0,[4],-0.2072925,,-0.3367585,1.593,,0.79
Nb,5,VB,250.99999999999997,10.840883313885646,,164.0,98.0,0.893,8.34,3.2464480590331335,1.6,0.5561694805220695,0.1280782,6.75885,14.32,48,134.0,256.0,243.00000000000003,[5],-0.2155954,,-0.3006474,1.589,,0.747
Mo,5,VIB,244.0,9.40686274509804,,154.0,87.0,0.7472,8.71,3.4097235958358856,2.16,0.6852950108024551,0.1312672,7.09243,16.16,52,130.0,245.0,239.0,"[4, 6]",-0.2227295,,-0.3579177,1.52,,0.699
Tc,5,VIIB,252.0,8.900655454545456,,147.0,79.0,0.55,8.94,3.3450994006157724,2.1,0.8753613078218101,0.1344592,7.11938,15.26,56,127.0,244.0,236.0,"[4, 7]",-0.231274,,-0.5439526,1.391,,0.645
Ru,5,VIIIB,237.0,8.35289256198347,,146.0,72.0,1.04638,9.1,3.4727870651682635,2.2,0.9579372713964337,0.1376494,7.3605,16.76,60,125.0,246.0,234.0,"[3, 4]",-0.2224272,,-0.4127787,1.41,,0.619
Rh,5,VIIIB,233.0,8.29883064516129,,142.0,66.0,1.14289,9.259,3.573436721141148,2.28,0.976191488,0.1408379,7.4589,18.08,64,125.0,244.0,234.0,[3],-0.221619,,-0.4501939,1.364,,0.5865
Pd,5,VIIIB,215.0,8.868333333333334,,139.0,26.14,0.56214,9.402000000000001,3.72604609472293,2.2,1.1242632181006451,0.1440276,8.336839,19.43,68,128.0,215.0,237.0,"[2, 4]",-3.5873098,,-0.3360025,1.32308,,0.564
Ag,5,IB,225.0,10.273161904761904,177.0,145.0,55.0,1.30447,11.05,3.811865291428856,1.93,0.9437954801917894,0.1472165,7.576234,21.4844,72,134.0,253.0,243.00000000000003,[1],-0.2199797,,-0.5374007,1.286,,0.533
Cd,5,IIB,238.0,12.93601841196778,160.0,144.0,46.0,-0.7,8.995,3.598759022218631,1.69,0.8015620376731044,0.1504066,8.99382,16.908313,78,138.0,249.0,250.0,[2],-0.2648549,,-0.7636586,1.184,,0.505
In,5,IIIA,246.0,15.706976744186047,,142.0,65.0,0.404,9.793,4.191297165953916,1.78,0.7172746990204196,0.16423,5.7863558,18.87041,84,142.0,243.0,264.0,[3],-0.3726634,-0.1972823,-1.0631372,1.093,1.382,0.4805
Sn,5,IVA,248.0,16.290654590366405,140.0,139.0,53.0,1.112066,10.79,4.827602614134681,1.96,0.7622796669226185,0.178052,7.343918,14.63307,90,142.0,242.0,259.0,"[-4, 2, 4]",-0.4764356,-0.2650408,-1.3690439,1.027,1.24,0.458
Sb,5,VA,246.0,18.227544910179642,140.0,139.0,43.0,1.047401,11.74,5.46556289873239,2.05,0.7762722168232371,0.19187739999999998,8.608389,16.626,96,139.0,247.0,252.0,"[-3, 3, 5]",-0.5817732,-0.3347111,-1.6878644,0.969,1.1665,0.438
Te,5,VIA,242.0,20.47496790757381,133.0,138.0,38.0,1.970875,12.76,6.072688970574183,2.1,0.862250634571203,0.20569920000000003,9.009808,18.6,102,137.0,199.0,244.0,"[-2, 2, 4, 6]",-0.70056,-0.3598317,-2.0382872,0.92,1.087,0.42
I,5,VIIA,238.0,25.72561727143726,140.0,139.0,32.9,3.059038,13.95,6.687296015580587,2.66,0.9386428662389749,0.21951759999999998,10.451236,19.13126,109,,204.0,236.0,"[-1, 1, 3, 5, 7]",-0.8211154,-0.4031799,-2.4012044,0.876,1.0215,0.4035
Xe,5,VIIIA,231.99999999999997,24467.573611628777,,140.0,27.32,-0.8,15.27,7.28642267937429,2.6,1.0,0.2333511,12.1298437,20.975,116,,228.0,227.99999999999997,"[2, 4, 6]",-0.9444127,-0.4572897,-2.7778799,0.837,0.965,0.388
Cs,6,IA,249.00000000000003,70.95859688200747,237.0,244.0,400.9,0.471626,3.898,1.9732981851281373,0.79,0.18145305327400574,0.1542125,3.89390572743,23.15745,5,235.0,348.0,344.0,[1],-0.1236387,,,2.518,,
Ba,6,IIA,293.0,37.93563535911602,210.0,215.0,272.0,0.14462,5.211,2.758214150496658,0.89,0.3032951354980469,0.1586786,5.2116646,10.003826,9,198.0,303.0,307.0,[2],-0.1575083,,,2.06,,
La,6,IIIB,284.0,22.586255284552845,,206.99999999999997,215.0,0.47,,2.894983592354195,1.1,0.3946505292779951,0.163142,5.5769,11.18496,13,169.0,298.0,278.0,[3],-0.1703597,,-0.2688171,1.915,,1.087
Ce,6,IIIf,282.0,20.696602658788777,,204.0,205.0,0.5,,2.871811275136303,1.12,0.5356179292473966,0.16760999999999998,5.5386,10.956,15,,288.0,274.0,"[3, 4]",-0.1713884,,-0.2979089,1.978,,
Pr,6,IIIf,286.0,20.80432009449284,,202.99999999999997,216.0,0.5,,2.8373579259585844,1.13,0.4288040164390691,0.17207999999999998,5.4702,10.631,17,,292.0,273.0,[3],-0.1638991,,,1.942,,
Nd,6,IIIf,284.0,20.57660485021398,,200.99999999999997,208.0,0.5,,2.8555209682297904,1.14,0.4472180169144809,0.176539,5.525,10.783,19,,295.0,273.0,[3],-0.1657566,,,1.912,,
Pm,6,IIIf,283.0,19.96043526170799,,199.0,200.0,0.5,,2.8740102644214756,,0.4585537190199959,0.1810032,5.58187,10.938,21,,,272.0,[3],-0.1675668,,,1.882,,
Sm,6,IIIf,280.0,19.994680851063833,,198.0,192.0,0.5,,2.8915153466651358,1.17,0.4702145151871456,0.185468,5.643722,11.078,23,,290.0,271.0,[3],-0.1692897,,,1.854,,
Eu,6,IIIf,280.0,29.000763358778624,,198.0,184.0,0.5,,2.9077813707361146,,0.5085079692028187,0.189935,5.670385,11.24,25,,287.0,294.0,"[2, 3]",-0.1709325,,,1.826,,
Gd,6,IIIf,277.0,19.90506329113924,,196.0,158.0,0.5,,3.018758022763666,1.2,0.5033860422181061,0.1944,6.1498,12.076,27,,283.0,271.0,[3],-0.1833186,,-0.2872464,1.713,,0.96
Tb,6,IIIf,276.0,19.310492102065613,,194.0,170.0,0.5,,2.947609200691299,,0.5163695143708502,0.198863,5.8638,11.513,29,,279.0,270.0,[3],-0.1744565,,,1.775,,
Dy,6,IIIf,275.0,19.005847953216374,,192.0,163.0,0.5,,2.9653044531717145,1.22,0.5297338282833648,0.20332999999999998,5.939061,11.647,31,,287.0,290.0,[3],-0.1761101,,,1.75,,
Ho,6,IIIf,273.0,18.742082954545452,,192.0,165.0,0.5,,2.983496271155706,1.23,0.5434919381047134,0.20779499999999998,6.0215,11.781,33,,281.0,267.0,[3],-0.1777417,,,1.727,,
Er,6,IIIf,272.0,18.440904079382577,,189.0,150.0,0.5,,3.001974350323467,1.24,0.5576573085473363,0.212261,6.1077,11.916,35,,283.0,267.0,[3],-0.1793521,,,1.703,,
Tm,6,IIIf,271.0,18.124044630404466,,190.0,144.0,0.5,,3.02071200216108,1.25,0.5722439379761333,0.2167244,6.184402,12.065,37,,279.0,267.0,[3],-0.1809131,,,1.681,,
Yb,6,IIIf,277.0,25.078985507246372,,187.0,139.0,-0.02,,3.035897313810202,,0.5176678455119073,0.22119,6.25416,12.179185,39,,280.0,279.0,[3],-0.1824185,,,1.658,,
Lu,6,IIIf,270.0,17.781178861788618,,187.0,137.0,0.5,6.455,3.126969059648656,1.0,0.6027397824064642,0.22565,5.425871,14.13,41,,274.0,265.0,[3],-0.1988028,,-0.2433199,1.553,,0.885
Hf,6,IVB,264.0,13.420300751879699,,175.0,103.0,0.178,6.83,3.2737646525063466,1.3,0.735212465576292,0.229987,6.82507,14.61,45,144.0,263.0,252.99999999999997,[4],-0.2089547,,-0.3243898,1.476,,0.829
Ta,6,VB,258.0,11.033407317073172,,170.0,74.0,0.322,7.93,3.44598106495088,1.5,0.8358832129444371,0.23458099999999998,7.549571,16.2,49,134.0,253.0,243.00000000000003,[5],-0.2174453,,-0.3877358,1.413,,0.784
W,6,VIB,252.99999999999997,9.52538860103627,,162.0,68.0,0.815,8.67,3.480950301282683,1.7,1.0192832204667641,0.2390504,7.86403,16.37,53,130.0,257.0,239.0,"[4, 6]",-0.2247659,,-0.4463079,1.36,,0.746
Re,6,VIIB,249.00000000000003,8.952259615384614,,151.0,62.0,0.15,9.46,3.4952482029177845,1.9,1.1745918852993071,0.24351639999999997,7.83352,16.6,57,128.0,249.0,237.0,[4],-0.2306295,,-0.5142745,1.31,,0.723
Os,6,VIIIB,244.0,8.422026634554083,,144.0,57.0,1.0778,9.78,3.566386827028162,2.2,1.2392758895983609,0.24798449999999997,8.43823,17.0,61,126.0,248.0,235.0,[4],-0.2387238,,-0.5357318,1.266,,0.6925
Ir,6,VIIIB,240.0,8.519426297080958,,141.0,54.0,1.56436,9.96,3.6032637982806643,2.2,1.4759983395995084,0.25106,8.96702,17.0,65,127.0,241.0,236.0,"[3, 4]",-0.2453197,,-0.5739344,1.227,,0.6655
Pt,6,VIIIB,229.99999999999997,9.073674418604652,,136.0,48.0,2.1251,10.16,3.709368544644762,2.2,1.4510095714121427,0.25690999999999997,8.95883,18.56,69,130.0,229.0,239.0,"[2, 4]",-0.2227536,,-0.474964,1.221,,0.647
Au,6,IB,225.99999999999997,10.20552170984456,,136.0,36.0,2.30861,11.33,3.8359193161483467,2.4,1.4267006758328493,0.26137,9.225554,20.203,73,134.0,232.0,243.00000000000003,[3],-0.2207138,,-0.5209304,1.187,,0.624
Hg,6,IIB,229.0,14.821776910799787,,132.0,33.91,-0.5,10.44,3.8206271736457094,1.9,1.1647894003115902,0.16899999999999998,10.437504,18.75688,79,139.0,245.0,252.99999999999997,"[1, 2]",-0.2609854,,-0.7141274,1.126,,0.598
Tl,6,IIIA,242.0,17.320338983050846,190.0,145.0,50.0,0.377,,4.33545796504437,1.8,0.9245095569512645,0.173447,6.1082873,20.4283,85,144.0,247.0,259.0,"[1, 3]",-0.3610882,-0.192376,-0.968237,1.06,1.319,0.575
Pb,6,IVA,249.00000000000003,18.336283185840706,,146.0,47.0,0.364,10.97,4.917291909679554,1.8,0.9313225746154785,0.17791099999999999,7.4166799,15.032499,91,150.0,260.0,274.0,"[2, 4]",-0.4562203,-0.2556834,-1.2204131,1.01,1.215,0.554
Bi,6,VA,250.0,21.346312563840655,148.0,148.0,48.0,0.942363,11.9,5.473303682420701,1.9,0.8136501417840161,0.182377,7.285516,16.703,97,151.0,254.0,266.0,[3],-0.5516882,-0.3200945,-1.4771426,0.963,1.2125,0.534
Po,6,VIA,250.0,22.717391304347828,,140.0,44.0,1.9,13.0,6.015508706668123,2.0,0.925630661892272,0.186842,8.41807,19.3,103,,,259.0,"[-2, 2, 4]",-0.6582429,-0.3414522,-1.7552803,0.923,1.1385,0.5165
At,6,VIIA,247.00000000000003,30.0,,150.0,42.0,2.8,14.1,6.556539919369492,2.2,0.8948602520024974,0.19130999999999998,9.31751,17.88,110,,,250.99999999999997,"[-1, 1]",-0.7653618,-0.3798486,-2.0378931,0.885,1.0775,0.5
Rn,6,VIIIA,243.00000000000003,24465.505840864007,,150.0,35.0,-0.7,15.4,7.096993201349427,,1.0,0.195772,10.7485,18.99,117,,240.0,243.00000000000003,[],-0.8739761,-0.4279881,-2.3262971,0.851,1.026,0.485
Fr,7,IA,258.0,119.25133689839572,,260.0,317.8,,,2.018103342249846,0.7,0.2607619694720678,0.08731,4.0727411,22.4,6,,,364.0,[1],-0.1178932,,,2.447,,
Ra,7,IIA,292.0,45.2,,221.0,246.0,,,2.7771931783727255,0.9,0.3596254129512225,0.09788999999999999,5.2784239,10.14718,10,,,327.0,[2],-0.1487604,,,2.042,,
Ac,7,IIIB,293.0,22.7,,215.0,203.0,,,2.926622199738121,1.1,0.4583164079436947,0.10032999999999999,5.380235,11.75,14,,280.0,308.0,[3],-0.1609737,,-0.2514762,1.895,,1.274
Th,7,IIIf,288.0,19.832282051282053,,206.0,217.0,,,3.033702358505198,1.3,0.555701877186589,0.10277,6.3067,12.1,16,,293.0,274.0,[4],-0.1699638,,-0.3168688,1.788,,1.186
Pa,7,IIIf,285.0,15.00232987012987,,200.0,154.0,,,2.982448658401348,1.5,0.623065691535318,0.12149000000000001,5.89,11.9,18,,288.0,264.0,[5],-0.163703,,-0.2910774,1.804,,1.198
U,7,IIIf,283.0,12.462246596858638,,196.0,129.0,,,2.9827881252278043,1.7,0.6181179979395385,0.13207,6.19405,11.6,20,,271.0,252.0,[6],-0.1651491,,-0.3003548,1.775,,1.171
Np,7,IIIf,281.0,11.732673267326733,,190.0,151.0,,,2.980397624478989,1.3,0.6132539757176252,0.14265,6.26554,11.5,22,,282.0,252.0,[5],-0.1665417,,-0.3099089,1.741,,1.147
Pu,7,IIIf,278.0,12.385786802030458,,187.0,132.0,-0.5,,2.9602162083199257,1.3,0.6084716517443038,0.16137,6.02576,11.5,24,,281.0,252.0,[4],-0.1599112,,,1.784,,
Am,7,IIIf,276.0,20.25,,180.0,131.0,,,2.9726932233245997,,0.6834156763033927,0.17194,5.97381,11.7,26,,283.0,,[3],-0.1612883,,,1.757,,
Cm,7,IIIf,276.0,18.282753515914138,,169.0,144.0,,,3.0325105935511583,,0.6900094787020062,0.17439000000000002,5.992241,12.4,28,,305.0,,[3],-0.1715415,,-0.3006688,1.657,,1.086
Bk,7,IIIf,,16.71177266576455,,,125.0,-1.72,,3.008143114946495,,0.6720603769263958,0.19315,6.19785,11.9,30,,340.0,,[3],-0.1738481,,-0.2834111,1.626,,1.071
Cf,7,IIIf,,16.62251655629139,,,122.0,-1.01,,3.0233985843748754,,0.6785031788138821,0.20369,6.281878,12.0,32,,305.0,,[3],-0.1655266,,,1.598,,1.054
Es,7,IIIf,,28.506787330316744,,,118.0,-0.3,,3.0469985231371544,,0.7230333980393967,0.21427,6.3684,12.2,34,,270.0,,[3],-0.1668187,,,1.576,,1.037
Fm,7,IIIf,,26.494845360824744,,,113.0,,,3.0740852297878796,,0.7064,0.22485,6.5,12.4,36,,,,[3],-0.1680801,,,1.557,,1.026
